
-->a
|batch	|amount	|
|1000	|265938.96000000000000000000	|
|888B	|95575.57000000000000000000	|

-->b
|batch	|name	|units	|value	|IM_MATE_OC	|IM_TOT_OC	|
|1000	|102009	|247945.000000	|1.05000000000000000	|260342.2500000000000	|260342.2500000000000	|
|888B	|101364	|14192.000000	|1.30055520000000000	|18457.4793984000000	|91528.9399183000000	|
|888B	|101365	|13884.000000	|1.29582110000000000	|17991.1801524000000	|91528.9399183000000	|
|888B	|101304	|28487.000000	|1.17905960000000000	|33587.8708252000000	|91528.9399183000000	|
|888B	|101347	|18153.000000	|1.18395910000000000	|21492.4095423000000	|91528.9399183000000	|

-->c
|batch	|name_from	|units_from	|name_to	|units_to	|
|1000	|102009	|105252.000000	|100128	|27200.000000	|
|1000	|102009	|1314.000000	|102111	|163.000000	|
|1000	|102009	|15122.000000	|102137	|1000.000000	|
|1000	|102009	|900.000000	|102166	|50.000000	|
|888B	|101304	|3850.000000	|101348	|98.000000	|
|888B	|101304	|3850.000000	|101360	|300.000000	|
|888B	|101347	|3634.000000	|101363	|170.000000	|
|888B	|101364	|1410.000000	|101426	|97.000000	|
|888B	|101365	|1987.000000	|101423	|136.000000	|

-->d 
|name	|batch	|category	|year	|units	|price	|
|101423	|888B	|FOL	|2013	|29.000000	|21.8305	|
|101365	|888B	|FOL	|2013	|1002.000000	|1.5593	|
|101423	|888B	|FOL	|2013	|4.000000	|21.8305	|
|101423	|888B	|FOL	|2013	|1.000000	|21.8305	|
|101423	|888B	|FOL	|2013	|30.000000	|21.8305	|
|101423	|888B	|FOL	|2013	|4.000000	|21.8305	|
|101423	|888B	|FOL	|2013	|10.000000	|21.8305	|
|101423	|888B	|FOL	|2013	|11.000000	|21.8305	|
|101423	|888B	|FOL	|2013	|10.000000	|21.6949	|
|101423	|888B	|FOL	|2013	|11.000000	|21.8305	|
|101423	|888B	|FOL	|2013	|4.000000	|21.8305	|
|101423	|888B	|FOL	|2013	|5.000000	|21.8305	|
|101423	|888B	|FOL	|2013	|5.000000	|21.8305	|
|101423	|888B	|FOL	|2013	|21.000000	|21.8305	|
|101423	|888B	|FOL	|2013	|8.000000	|21.8305	|
|100128	|1000	|BON	|2013	|1000.000000	|4.6610	|
|101423	|888B	|FOL	|2013	|6.000000	|21.8305	|
|100128	|1000	|BON	|2013	|714.000000	|4.6610	|
|100128	|1000	|BON	|2013	|250.000000	|4.6610	|
|101423	|888B	|FOL	|2013	|6.000000	|21.8305	|
|101423	|888B	|FOL	|2013	|20.000000	|21.8305	|
|101423	|888B	|FOL	|2013	|20.000000	|21.8305	|
|101423	|888B	|FOL	|2013	|11.000000	|21.8305	|
|101423	|888B	|FOL	|2013	|10.000000	|21.8305	|
|101423	|888B	|FOL	|2013	|50.000000	|21.8305	|
|101423	|888B	|FOL	|2013	|10.000000	|21.8305	|
|101423	|888B	|FOL	|2013	|8.000000	|21.8305	|
|101423	|888B	|FOL	|2013	|6.000000	|21.8305	|
|101423	|888B	|FOL	|2013	|5.000000	|21.8305	|
|101423	|888B	|FOL	|2013	|9.000000	|21.8305	|
|100128	|1000	|BON	|2013	|1000.000000	|4.6610	|
|101423	|888B	|FOL	|2013	|10.000000	|21.8305	|
|100128	|1000	|BON	|2013	|60.000000	|5.0000	|
|101423	|888B	|FOL	|2013	|5.000000	|21.8305	|
|101423	|888B	|FOL	|2013	|10.000000	|21.8305	|
|101423	|888B	|FOL	|2013	|2.000000	|21.8305	|
|100128	|1000	|BON	|2013	|100.000000	|4.7458	|
|100128	|1000	|BON	|2013	|100.000000	|4.7458	|
|100128	|1000	|BON	|2013	|1000.000000	|4.6610	|
|101423	|888B	|FOL	|2013	|11.000000	|21.8305	|
|101423	|888B	|FOL	|2013	|20.000000	|21.8305	|
|100128	|1000	|BON	|2013	|2500.000000	|4.6610	|
|100128	|1000	|BON	|2013	|1000.000000	|4.6610	|
|101423	|888B	|FOL	|2013	|10.000000	|21.8305	|
|101423	|888B	|FOL	|2013	|25.000000	|21.8305	|
|101423	|888B	|FOL	|2013	|15.000000	|21.8305	|
|101423	|888B	|FOL	|2013	|3.000000	|21.8305	|
|101423	|888B	|FOL	|2013	|7.000000	|21.8305	|
|101423	|888B	|FOL	|2013	|30.000000	|21.8305	|
|101423	|888B	|FOL	|2013	|4.000000	|21.8305	|
|101423	|888B	|FOL	|2013	|5.000000	|21.8305	|
|101423	|888B	|FOL	|2013	|3.000000	|21.8305	|
|101423	|888B	|FOL	|2013	|10.000000	|21.8305	|
|100128	|1000	|BON	|2013	|4000.000000	|4.6610	|
|100128	|1000	|BON	|2013	|241.000000	|4.6610	|
|100128	|1000	|BON	|2013	|250.000000	|4.6610	|
|100128	|1000	|BON	|2013	|1700.000000	|4.6610	|
|100128	|1000	|BON	|2013	|1000.000000	|4.6610	|
|100128	|1000	|BON	|2013	|2500.000000	|4.9153	|
|100128	|1000	|BON	|2013	|5000.000000	|4.6610	|
|100128	|1000	|BON	|2013	|200.000000	|4.7458	|
|101423	|888B	|FOL	|2013	|10.000000	|21.8305	|
|101423	|888B	|FOL	|2013	|24.000000	|21.8305	|
|101423	|888B	|FOL	|2013	|38.000000	|21.8305	|
|101423	|888B	|FOL	|2013	|10.000000	|21.8305	|
|101423	|888B	|FOL	|2013	|5.000000	|21.8305	|
|101423	|888B	|FOL	|2013	|4.000000	|21.8305	|
|101423	|888B	|FOL	|2013	|5.000000	|21.8305	|
|101423	|888B	|FOL	|2013	|3.000000	|21.8305	|
|101423	|888B	|FOL	|2013	|10.000000	|21.8305	|
|101423	|888B	|FOL	|2013	|10.000000	|21.8305	|
|101423	|888B	|FOL	|2013	|4.000000	|21.8305	|
|100128	|1000	|BON	|2013	|100.000000	|4.7458	|
|100128	|1000	|BON	|2013	|1000.000000	|4.6610	|
|100128	|1000	|BON	|2013	|1000.000000	|4.6610	|
|102111	|1000	|BON	|2013	|100.000000	|10.2542	|
|100128	|1000	|BON	|2013	|1000.000000	|4.6610	|
|100128	|1000	|BON	|2013	|100.000000	|4.7458	|
|100128	|1000	|BON	|2013	|1000.000000	|4.6610	|
|100128	|1000	|BON	|2013	|100.000000	|4.7458	|
